maf = 0.15
lambda= 1.1 
0.97547 0.87464     Inf 1.01793£»   0.9756566 0.8746020 0.9077119 1.0177410£»0.00624 0.01741     NaN 0.02416